1.78E-15
0.732807
1.07103
1.40924
1.74746
1.97294
2.19842
2.31116
2.4239
2.70575
2.81849
2.93123
3.15671
3.38219
3.5513
3.72041
3.94589
4.17136
4.34047
4.50958
4.73506
5.01691
5.24239
5.4115
5.9752
6.36979
6.48253
6.65163
7.15896
7.38444
7.55355
7.94814
8.11725
8.22999
8.68095
9.13191
9.30101
9.63923
10.0902
10.3157
10.7103
11.1048
11.894
12.4014
12.7959
13.1342
13.5287
13.9233
14.4307
14.7125
15.389
15.8963
16.7418
17.531
17.8692
18.3202
18.602
19.4476
19.8422
20.2368
20.6313
21.7024
23.0552
23.8444
25.0282
25.4228
26.3811
27.3393
28.1285
28.5795
28.9741
29.3687
30.6088
31.398
32.1308
33.3709
33.7655
34.1601
35.2875
36.4713
36.9222
37.4295
37.7114
38.106
38.3878
38.6133
38.8388
39.177
39.9662
40.4171
40.9808
41.5445
42.1082
42.4464
