0
0
0
0
0
0
0
0
0
0
0
0
0
0
0
-0.00244698
-0.00244698
-0.00244698
-0.0807504
0.0220228
0.403752
0.0709625
-0.188418
-0.418434
-0.12969
-0.00734095
0.207993
0.555465
0.242251
-0.00734095
-0.227569
-0.472268
-0.237357
-0.00244698
0.198206
0.496737
0.345024
0.149266
-0.0269168
-0.433116
-0.183524
-0.00734095
0.232463
0.555465
0.491843
0.43801
0.0807504
-0.134584
-0.252039
-0.408646
-0.38907
-0.256933
-0.0318108
0.261827
0.428222
0.447798
0.442904
0.0562806
-0.266721
-0.403752
-0.403752
-0.335237
-0.183524
-0.00734095
0.183524
0.452692
0.535889
0.447798
0.12969
-0.119902
-0.261827
-0.457586
-0.535889
-0.530995
-0.418434
-0.418434
-0.0171289
0.398858
0.408646
0.266721
0.232463
0.0611746
-0.168842
-0.296085
-0.349918
-0.330343
-0.345024
-0.159054
-0.00734095
0.115008
0.134584
0.0954323
0.0954323
0.0415987
-0.0318108
-0.0415987
-0.00244698
-0.0171289
0.0171289
-0.00244698
0.0171289
-0.00244698
0.0220228
0.0415987
0.0220228
0.0318108
0.00734095
0.00244698
0.00244698
0
0
0
0
0
0
0
0
0
0
0
0
0
0
0
