0
0
0
0
0
0
0
0
0
0
0
0
0
0
0
-2.14286
-1.95238
-1.7619
-1.61905
-1.47619
-1.40476
-1.2619
-1.11905
-0.904762
-0.761905
-0.642857
-0.571429
-0.47619
-0.428571
-0.380952
-0.333333
-0.261905
-0.214286
-0.142857
-0.0952381
-0.0714286
-0.0238095
1.78E-15
0.0238095
0.0714286
0.119048
0.190476
0.285714
0.357143
0.428571
0.5
0.571429
0.642857
0.738095
0.833333
0.904762
0.97619
1.09524
1.19048
1.30952
1.38095
1.47619
1.59524
1.71429
1.83333
2.04762
2.2381
2.5
2.71429
2.83333
3
3.16667
0
0
0
0
0
0
0
0
0
0
0
0
0
0
0
0
0
0
0
0
0
0
0
0
0
0
0
0
0
0
0
0
0
0
0
0
0
0
0
0
0
0
0
0
0
0
0
0
0
0
0
0
0
0
0
0
0
