0
0
0
0
0
0
0
0
0
0
0
0
0
0
0
0
0
0
0
0
0
0
0
0
0
0
0
0
0
0
-0.0704225
-1.78E-15
-0.0422535
-0.0704225
-0.0422535
0.0140845
-0.0422535
-0.056338
-0.0140845
-1.78E-15
0.0140845
-0.0422535
-0.0422535
0.028169
0.126761
0.267606
0.338028
0.43662
0.507042
0.633803
0.788732
1.1831
1.56338
1.91549
2.84507
3.90141
5.15493
6.8169
6.35211
4.6338
3
1.94366
1.19718
0.549296
0.380282
0.28169
0.239437
0.309859
0.366197
0.0422535
-0.0704225
-0.183099
-0.0140845
0.169014
0.253521
0.140845
-1.78E-15
0.0422535
-0.112676
-0.15493
-0.084507
-1.78E-15
0
0
0
0
0
0
0
0
0
0
0
0
0
0
0
0
0
0
0
0
0
0
0
0
0
0
0
0
0
0
0
0
0
0
0
0
0
0
0
0
0
0
